15
49
8,10,1,"wDo not push next button."
16,2,1,"Z",13,3
10,8,1,"Z",14,9
14,8,3,"Z",19,8
14,8,1,"Z",15,9
15,10,3,"Z",17,9
20,8,1,"Z",16,7
17,10,3,"Z",16,2
24,6,1,"z",24,9
24,9,3,"Z",24,5
24,2,1,"z",7,5
18,2,1,"Z",13,5
14,3,1,"Z",24,2
8,3,1,"Z",17,4
17,4,3,"Z",7,3
12,3,1,"Z",7,5
26,8,4,"z",6,5
7,7,0,"z",20,9
19,10,"Z",7,5
21,10,"Z",11,5
6,2,1,"Z",6,5
21,5,4,"Z",25,6
28,6,4,"wTo main hall "
28,10,4,"c7"
28,13,1,"c15"
25,13,3,"c7"
6,13,3,"c15"
4,15,4,"c15"
6,17,1,"c14"
24,17,1,"c7"
32,17,4,"c15"
32,16,4,"c9"
32,14,4,"c4"
37,10,4,"p",36,15,4
36,15,1,"c7"
36,15,3,"c15"
38,15,1,"c9"
38,15,3,"c1"
40,15,1,"c15"
40,15,3,"c15"
42,15,1,"c12"
42,15,3,"c12"
44,15,1,"c15"
44,15,1,"c15"
35,9,4,"z",26,3
46,15,4,"p",24,3,1
37,8,4,"p",24,3,1
32,4,4,"wTo main hall "
35,5,1,"c6"
15
45
5,19,4,"wThe Hall of Reality"
5,21,4,"wThe Hall of Reality"
61,16,4,"Z",2,20
7,18,2,"z",30,21
11,18,1,"c4"
11,22,3,"c12"
23,22,3,"c9"
34,22,0,"z",32,18
32,18,1,"z",45,20
37,22,3,"c12"
46,22,2,"c15"
63,10,1,"Z",2,19
61,8,2,"c7"
61,10,2,"c12"
48,16,4,"c12"
48,12,2,"c6"
41,11,1,"c12"
23,15,3,"c10"
24,12,4,"c15"
25,15,1,"c3"
5,3,4,"wThe hall of simplicity"
38,4,3,"c12"
53,4,0,"c7"
9,5,3,"Z",10,10
18,2,2,"c12"
21,2,4,"Z",24,4
25,2,2,"Z",57,2
38,2,1,"Z",43,2
38,2,3,"Z",48,3
43,2,1,"Z",47,2
48,3,4,"Z",53,3
53,3,4,"Z",41,3
56,3,0,"z",26,2
63,4,2,"Z",2,17
5,8,4,"wThe Hall of New Beginnings"
5,10,4,"wThe Hall of New Beginnings"
13,7,2,"c12"
24,6,4,"c7"
48,6,2,"c12"
38,10,2,"c12"
27,6,4,"Z",33,9
27,11,1,"Z",46,8
63,6,3,"Z",2,18
5,15,4,"wThe Hall of Safety"
5,13,4,"wThe Hall of Safety"

